Red

[159, 27, 10]
[151, 26, 11]
[197, 41, 14]
[207, 37, 12]
[190, 31, 11]
[173, 34, 9]
[141, 27, 10]
[125, 19, 8]
[138, 25, 10]
[147, 27, 7]
[199, 35, 9]
[219, 36, 12]
[233, 37, 11]
[269, 43, 14]
[235, 38, 11]
[233, 45, 14]
[200, 37, 11]
[218, 34, 13]
[150, 27, 11]

Blue

[16, 27, 22]
[16, 26, 23]
[22, 45, 37]
[25, 54, 40]
[19, 39, 30]
[26, 51, 38]
[21, 45, 34]
[24, 54, 41]
[25, 53, 41]
[33, 69, 52]
[33, 65, 50]
[32, 66, 51]
[34, 67, 51]
[34, 65, 51]
[33, 63, 48]
[28, 59, 43]
[36, 71, 50]
[35, 69, 54]
[40, 69, 52]
[41, 70, 55]


Green

[30, 96, 15]
[31, 103, 12]
[30, 102, 12]
[30, 106, 11]
[0, 111, 11]
[29, 98, 11]
[34, 119, 12]
[39, 136, 15]
[35, 127, 13]
[42, 138, 16]
[36, 129, 15]
[40, 140, 14]
[44, 143, 14]
[41, 139, 13]
[34, 122, 14]
[38, 126, 14]
[39, 122, 15]
[38, 136, 14]
[38, 133, 14]


Yellow

[199, 197, 15]
[209, 207, 18]
[207, 205, 17]
[202, 203, 16]
[271, 257, 19]
[260, 248, 18]
[301, 236, 19]
[286, 257, 18]
[288, 264, 19]
[296, 269, 19]
[299, 255, 21]
[309, 258, 22]
[274, 256, 18]
[282, 257, 18]
[251, 245, 18]
[251, 243, 17]
[283, 260, 19]
[304, 265, 20]
[298, 248, 20]
[307, 255, 20]

Purple 

[204, 40, 29]
[199, 39, 28]
[220, 37, 28]
[220, 34, 27]
[216, 32, 28]
[199, 26, 22]
[212, 29, 24]
[218, 33, 26]
[215, 33, 29]
[219, 33, 26]
[148, 20, 16]
[202, 27, 24]
[214, 32, 27]
[212, 28, 25]
[201, 32, 26]
[197, 27, 24]
[154, 20, 17]
[179, 24, 21]
[213, 33, 26]
[213, 35, 25]
[217, 32, 25]

Orange

[222, 80, 13]
[213, 79, 14]
[208, 78, 13]
[210, 79, 11]
[279, 94, 14]
[243, 89, 11]
[229, 85, 11]
[284, 99, 14]
[298, 92, 14]
[281, 94, 13]
[303, 93, 13]
[292, 98, 13]
[297, 94, 14]
[278, 99, 13]
[283, 76, 12]
[294, 92, 14]
[289, 84, 12]
[284, 90, 14]
[228, 84, 14]

Surface (wood)

[306, 194, 56]
[139, 63, 14]
[241, 197, 56]
[0, 182, 51]
[194, 165, 47]
[166, 129, 39]
[177, 136, 39]
[0, 102, 31]
[267, 202, 53]
[172, 146, 36]
[294, 203, 54]
[272, 197, 54]
[218, 166, 44]
[142, 121, 34]
[170, 147, 34]
[106, 91, 24]
[231, 180, 47]
[248, 192, 53]
[244, 178, 49]
[208, 161, 46]